0 1 8
1 2 7
2 3 9
3 4 14
4 5 8
5 6 2
6 7 3
7 8 16
8 9 17
9 10 16
10 11 19
11 12 17
12 13 11
13 14 20
14 15 3
15 16 12
16 17 8
17 18 7
18 19 11
19 20 12
20 21 14
21 22 8
22 23 12
23 24 9
24 25 5
25 26 6
26 27 20
27 28 20
28 29 11
29 30 10
30 31 13
31 32 20
32 33 6
33 34 20
34 0 9
14 23 5
30 21 11
32 1 5
32 12 6
1 18 2
1 34 2
19 28 9
6 0 1
19 25 19
14 18 5
1 5 7
28 11 2
17 21 10
28 20 14
18 28 2
25 31 8
8 6 3
32 27 12
1 6 14
16 24 3
8 22 15
33 15 9
14 21 6
16 5 10
25 5 6
26 10 19
31 10 6
15 18 14
18 24 12
27 0 10
